<?xml version="1.0"?>
<opencv_storage>
<calibration_time>"Fri 13 Apr 2018 12:11:02 CEST"</calibration_time>
<nr_of_frames>8</nr_of_frames>
<image_width>320</image_width>
<image_height>240</image_height>
<board_width>10</board_width>
<board_height>7</board_height>
<square_size>30.</square_size>
<fix_aspect_ratio>1.</fix_aspect_ratio>
<!-- flags: +fix_skew +recompute_extrinsic -->
<flags>522</flags>
<fisheye_model>1</fisheye_model>
<camera_matrix type_id="opencv-matrix">
  <rows>3</rows>
  <cols>3</cols>
  <dt>d</dt>
  <data>
    1.2272262167724547e+02 0. 1.5950000000000000e+02 0.
    1.2143911701445363e+02 1.1950000000000000e+02 0. 0. 1.</data></camera_matrix>
<distortion_coefficients type_id="opencv-matrix">
  <rows>4</rows>
  <cols>1</cols>
  <dt>d</dt>
  <data>
    7.8890534170782428e-02 -1.7331578247319746e-01
    2.3606724101419535e-01 -1.0666431312669514e-01</data></distortion_coefficients>
<avg_reprojection_error>3.1471729462232312e+00</avg_reprojection_error>
<per_view_reprojection_errors type_id="opencv-matrix">
  <rows>8</rows>
  <cols>1</cols>
  <dt>f</dt>
  <data>
    2.09567571e+00 3.63980770e+00 2.04537463e+00 3.05493569e+00
    2.32687926e+00 3.03625035e+00 5.06417847e+00 2.79325056e+00</data></per_view_reprojection_errors>
<!-- a set of 6-tuples (rotation vector + translation vector) for each view -->
<extrinsic_parameters type_id="opencv-matrix">
  <rows>8</rows>
  <cols>6</cols>
  <dt>d</dt>
  <data>
    2.8808919222430773e-01 2.2838461455288581e-01
    -1.4971966948356310e+00 -4.8216949520701235e+01
    6.8432964455987900e+01 5.5977771823563171e+02 8.4847425597999987e-02
    -2.5343786901302456e-01 -1.6639277904150549e+00
    4.9508139275459860e+02 3.5105863006680573e+02 5.9644797558365997e+02
    -4.5043257303288300e-02 -3.3209691422058762e-01
    -1.5286193216314174e+00 -1.5129653077149644e+02
    3.7597052319633809e+02 3.3110861927136489e+02
    -7.0796593868711011e-02 -2.3274176479365166e-01
    3.1281978948410289e+00 1.4692793921449049e+02 5.7145355804919218e+00
    1.8990651562165334e+02 6.5072834943601832e-01
    -1.0182259512654901e-01 3.0375948914056594e+00
    2.6395494305239248e+02 9.2388329234696414e+01 1.1534355427456428e+02
    -4.9857415319097520e-01 -5.8588535180237056e-01
    3.1044373194407870e+00 8.3184232645077671e+01
    -2.4797291827298213e+02 4.8072318250040138e+02
    4.2248378458615107e-02 1.4720852621197644e-01 3.1463480549824703e+00
    1.1654569131401853e+01 1.8253151408246950e+02 2.3037549164454197e+02
    -2.5395591346935464e-01 -3.4407431669120747e-01
    3.1221280383339134e+00 3.6362526015010246e+01 6.5125441432286834e+01
    1.6485477867443939e+02</data></extrinsic_parameters>
<image_points type_id="opencv-matrix">
  <rows>8</rows>
  <cols>70</cols>
  <dt>"2f"</dt>
  <data>
    1.54846146e+02 1.30812195e+02 1.49672394e+02 1.30518188e+02
    1.50109940e+02 1.23417755e+02 1.50007065e+02 1.16376648e+02
    1.50718536e+02 1.09260193e+02 1.51090942e+02 1.01631645e+02
    1.51768845e+02 9.45672836e+01 1.52398254e+02 8.70140915e+01
    1.52712189e+02 7.96985168e+01 1.52682724e+02 7.39261856e+01
    1.54943985e+02 1.31005447e+02 1.54860931e+02 1.30776093e+02
    1.55322800e+02 1.23787376e+02 1.55660156e+02 1.16822205e+02
    1.56188232e+02 1.09559647e+02 1.56649963e+02 1.02191780e+02
    1.57224533e+02 9.47064896e+01 1.57668915e+02 8.74653397e+01
    1.58275345e+02 8.01053391e+01 1.58627380e+02 7.43483353e+01
    1.61982437e+02 1.31514206e+02 1.62008728e+02 1.31425766e+02
    1.62493027e+02 1.24454590e+02 1.62972382e+02 1.17423996e+02
    1.63518494e+02 1.10100784e+02 1.64084274e+02 1.02646423e+02
    1.64549881e+02 9.53114624e+01 1.65181519e+02 8.78757935e+01
    1.65585861e+02 8.06317139e+01 1.65846680e+02 7.52746658e+01
    1.69272415e+02 1.31821808e+02 1.69271515e+02 1.31771133e+02
    1.69877075e+02 1.24934639e+02 1.70498825e+02 1.17862183e+02
    1.71110382e+02 1.10638939e+02 1.71561890e+02 1.03207130e+02
    1.72246735e+02 9.57674637e+01 1.72697144e+02 8.84917603e+01
    1.73278046e+02 8.12160416e+01 1.73510010e+02 7.55008545e+01
    1.76345367e+02 1.32475693e+02 1.76351395e+02 1.32403534e+02
    1.77037384e+02 1.25430923e+02 1.77690399e+02 1.18377815e+02
    1.78424545e+02 1.11276665e+02 1.79108124e+02 1.03778481e+02
    1.79601852e+02 9.63970490e+01 1.80177307e+02 8.91623993e+01
    1.80642120e+02 8.18313141e+01 1.81167908e+02 7.62136383e+01
    1.83504822e+02 1.32919708e+02 1.83472336e+02 1.32769821e+02
    1.84159576e+02 1.25853539e+02 1.84827347e+02 1.18776833e+02
    1.85569839e+02 1.11734131e+02 1.86278030e+02 1.04488319e+02
    1.86917374e+02 9.69675522e+01 1.87468781e+02 8.97886734e+01
    1.88131546e+02 8.24621353e+01 1.88339355e+02 7.66980667e+01
    1.83520203e+02 1.32862793e+02 1.83537796e+02 1.32846878e+02
    1.84260101e+02 1.25914268e+02 1.90296127e+02 1.19141602e+02
    1.90788605e+02 1.11858780e+02 1.91404190e+02 1.04976646e+02
    1.92299271e+02 9.73734741e+01 1.93134140e+02 9.04275589e+01
    1.93259842e+02 8.28738861e+01 1.93126083e+02 7.76461029e+01
    2.41057617e+02 1.70175430e+02 2.43900162e+02 1.69374680e+02
    2.43940948e+02 1.69310425e+02 2.44549118e+02 1.67995667e+02
    2.44422470e+02 1.61687042e+02 2.43727203e+02 1.53449936e+02
    2.43569885e+02 1.47461945e+02 2.43150238e+02 1.42338272e+02
    2.42745285e+02 1.36307693e+02 2.31446777e+02 1.29814026e+02
    2.41030502e+02 1.70227097e+02 2.41009628e+02 1.70188293e+02
    2.44099564e+02 1.69156738e+02 2.44560638e+02 1.67700851e+02
    2.44328369e+02 1.60936783e+02 2.43831436e+02 1.47807251e+02
    2.43430725e+02 1.42363281e+02 2.43260818e+02 1.42029419e+02
    2.42752213e+02 1.36297714e+02 2.43285934e+02 1.35983337e+02
    2.43894730e+02 1.69647598e+02 2.43893478e+02 1.69662781e+02
    2.44342072e+02 1.68963837e+02 2.44536591e+02 1.67312607e+02
    2.44317719e+02 1.60855621e+02 2.43825790e+02 1.50297974e+02
    2.43491150e+02 1.44664322e+02 2.43691864e+02 1.41697632e+02
    2.43243103e+02 1.35933151e+02 2.47428879e+02 1.35161407e+02
    2.48580521e+02 1.68352020e+02 2.48573822e+02 1.68397354e+02
    2.48860062e+02 1.67087830e+02 2.48822144e+02 1.65776993e+02
    2.48789124e+02 1.54544434e+02 2.48563293e+02 1.49076248e+02
    2.48197632e+02 1.43701660e+02 2.47588089e+02 1.38168839e+02
    2.47579819e+02 1.35047607e+02 2.47839096e+02 1.35128830e+02
    2.53467621e+02 1.67283859e+02 2.53470032e+02 1.67272980e+02
    2.53633209e+02 1.66441971e+02 2.53548767e+02 1.58671799e+02
    2.53459320e+02 1.53472794e+02 2.53124817e+02 1.48002518e+02
    2.52589722e+02 1.42506088e+02 2.52259354e+02 1.37178146e+02
    2.52133316e+02 1.34530716e+02 2.52145386e+02 1.34527985e+02
    2.57237915e+02 1.65648621e+02 2.57239624e+02 1.65655136e+02
    2.57237854e+02 1.62730423e+02 2.57171631e+02 1.57669998e+02
    2.56703247e+02 1.52498489e+02 2.56225067e+02 1.46919037e+02
    2.55965729e+02 1.41612823e+02 2.55383392e+02 1.36332687e+02
    2.55077118e+02 1.33887360e+02 2.55048843e+02 1.33876785e+02
    2.57232513e+02 1.65676544e+02 2.57295227e+02 1.65606262e+02
    2.57194214e+02 1.62187485e+02 2.57025452e+02 1.56699982e+02
    2.56524567e+02 1.51800232e+02 2.56166168e+02 1.45683975e+02
    2.55635162e+02 1.40384872e+02 2.55179459e+02 1.34577240e+02
    2.55091537e+02 1.33897476e+02 2.55058685e+02 1.33900818e+02
    1.18619644e+02 2.22059845e+02 1.18706886e+02 2.16838516e+02
    1.18659874e+02 2.09701828e+02 1.18196571e+02 2.02407196e+02
    1.17724411e+02 1.94005249e+02 1.17814781e+02 1.85941116e+02
    1.18157722e+02 1.77611786e+02 1.18154541e+02 1.68349243e+02
    1.17902298e+02 1.59001938e+02 1.17829651e+02 1.54105026e+02
    1.24515129e+02 2.22303589e+02 1.23855148e+02 2.17167908e+02
    1.23359406e+02 2.09843399e+02 1.22841652e+02 2.02671356e+02
    1.21801125e+02 1.94401443e+02 1.21809448e+02 1.86055878e+02
    1.22417603e+02 1.77394226e+02 1.22463776e+02 1.68458252e+02
    1.22267570e+02 1.59404099e+02 1.21847435e+02 1.54467621e+02
    1.32470398e+02 2.22246078e+02 1.32364990e+02 2.17475922e+02
