<?xml version="1.0"?>
<opencv_storage>
<calibration_time>"Fri 13 Apr 2018 12:06:47 CEST"</calibration_time>
<nr_of_frames>24</nr_of_frames>
<image_width>2592</image_width>
<image_height>1944</image_height>
<board_width>10</board_width>
<board_height>7</board_height>
<square_size>30.</square_size>
<fix_aspect_ratio>1.</fix_aspect_ratio>
<!-- flags: +fix_skew +recompute_extrinsic -->
<flags>522</flags>
<fisheye_model>1</fisheye_model>
<camera_matrix type_id="opencv-matrix">
  <rows>3</rows>
  <cols>3</cols>
  <dt>d</dt>
  <data>
    1.0727419499482714e+03 0. 1.2955000000000000e+03 0.
    1.0799304303928982e+03 9.7150000000000000e+02 0. 0. 1.</data></camera_matrix>
<distortion_coefficients type_id="opencv-matrix">
  <rows>4</rows>
  <cols>1</cols>
  <dt>d</dt>
  <data>
    -1.9549761673548275e-02 3.4944997100583844e-03
    -5.0954979523455451e-04 -5.8558278239503078e-04</data></distortion_coefficients>
<avg_reprojection_error>1.3564084821918354e+00</avg_reprojection_error>
<per_view_reprojection_errors type_id="opencv-matrix">
  <rows>24</rows>
  <cols>1</cols>
  <dt>f</dt>
  <data>
    5.22909641e-01 7.97742963e-01 1.24751294e+00 4.88783777e-01
    7.36000836e-01 1.13883901e+00 1.17344511e+00 6.99773073e-01
    6.50722861e-01 1.75535357e+00 2.13623166e+00 1.30057395e+00
    9.36129749e-01 2.31261635e+00 1.72728395e+00 2.08781147e+00
    1.04168987e+00 9.78353918e-01 1.38915133e+00 3.11049557e+00
    6.12269282e-01 4.01525319e-01 3.58949125e-01 3.27227831e-01</data></per_view_reprojection_errors>
<!-- a set of 6-tuples (rotation vector + translation vector) for each view -->
<extrinsic_parameters type_id="opencv-matrix">
  <rows>24</rows>
  <cols>6</cols>
  <dt>d</dt>
  <data>
    -6.9304846769296699e-02 3.7945649530164799e-01
    -1.5348000609638546e+00 4.2482424418232966e+02
    2.0927750056647707e+01 5.2590033686848676e+02
    -3.7825596316665134e-03 3.1424864715062112e-01
    -1.5205793797953628e+00 2.4067155861189690e+02
    3.5452006210372851e+01 5.3738768968057229e+02 1.3606111092353407e-01
    1.9381600693604842e-01 -1.4939473229882607e+00
    -5.0845665957485743e+01 7.4625866237831431e+01
    5.6670264209600896e+02 -1.0210365899303266e+00
    -1.3482544234305125e+00 1.0990181649133361e+00
    -4.8711220852274568e+02 -2.1254543480058089e+02
    4.1322364015815850e+02 3.0425216519506565e-01
    -3.8631713400201972e-01 -1.4975317867264983e+00
    -6.1696924867481107e+02 3.4187133899041692e+02
    4.4267986552689229e+02 -7.6977510677023894e-02
    -5.4949434848014470e-02 -1.6011126082150060e+00
    -1.4416390023055834e+02 3.0501277394953291e+02
    6.1949760306233770e+02 -1.5749451646293008e-01
    -5.6324660044472383e-02 -1.6462524561401821e+00
    7.8494357930641925e+01 3.3150119600720006e+02 6.0151999215907972e+02
    -2.9055982850556850e-01 1.2754756496736730e-01
    -1.7050127925474128e+00 4.0943083651279522e+02
    3.1938980113871594e+02 5.8334808396903122e+02
    -6.1163455864801808e-01 6.2084837142791804e-01
    -1.6688405588524138e+00 6.3035110013088160e+02
    2.9477362915577800e+02 5.5111749435364413e+02 3.2288477423369627e-02
    -4.7444136796960967e-01 -1.6237841407752329e+00
    -3.7605777797113660e+02 4.0719405326933116e+02
    2.6983927217925128e+02 -8.4102756085890091e-03
    -3.3758721700188238e-01 -1.5348098061704445e+00
    -1.4269390304801908e+02 3.5724149844694102e+02
    3.4043661357642355e+02 -3.9044465601798484e-01
    -2.6581066112784369e-02 -1.4021173524181472e+00
    1.8077663393363039e+02 4.8532177700733718e+02 4.1200034113732670e+02
    -1.3915692806155020e+00 7.9559853735465036e-01
    -1.4191690180053020e+00 5.3396420657243038e+02
    5.0519862192568354e+02 3.1273319312110181e+02
    -1.1185623662797614e-01 -2.0765078773799917e-01
    3.1260214977115486e+00 1.4676438149913639e+02 5.7178648853832570e+00
    2.0967175859464206e+02 -1.1116496358095343e-01
    -2.1976631033166077e-01 3.1203166301468670e+00
    2.9281950662624672e+02 -1.3138151928466031e+00
    2.2011034363211283e+02 6.3482987249319611e-01
    -1.2766767632858986e-01 3.0378891083655475e+00
    2.6605500074869286e+02 9.2493068604817736e+01 1.3560095148334605e+02
    -2.0912004717030433e-01 -3.5443297292959025e-01
    -2.8431309200434791e+00 3.8020663223519466e+02
    3.4292905423095277e+02 2.1971746576200286e+02 5.5666327648917957e-01
    7.3160951395352636e-01 -2.9481095212009212e+00
    8.3620059480492770e+01 -2.1768472887175577e+02
    4.8700393837788477e+02 7.7979548338661053e-02
    -2.2419352483847665e-01 -3.1034903200007151e+00
    1.3071780040217758e+01 1.8248481674970469e+02 2.6599554631183167e+02
    2.2393262534511743e-01 3.7045487891586421e-01
    -3.0995171339168599e+00 3.6105357423372197e+01
    6.5100943536557651e+01 1.7697402197765697e+02
    -4.5897395227219284e-01 -7.0462300844593828e-01
    2.8992202425565616e+00 2.5236148966410175e+02
    -2.8588639130365959e+02 5.0637479772628342e+02
    1.2471308662171776e-01 -6.7412142797270158e-01
    2.9329214671268597e+00 5.3139182453606338e+02
    -2.5603097740784466e+02 3.4941287934697419e+02
    1.3947921312156697e-01 -3.1731404338357094e-01
    3.0425886422660202e+00 6.1701514276022692e+02
    -9.6365629251025936e+01 4.3345143537022784e+02
    1.5470220875519344e-01 -3.1673053604923002e-01
    2.8454575972299412e+00 6.3864756401885791e+02
    -2.0618304081511170e+02 4.1006746383195872e+02</data></extrinsic_parameters>
