<?xml version="1.0"?>
<opencv_storage>
<calibration_time>"Fri 13 Apr 2018 12:06:06 CEST"</calibration_time>
<nr_of_frames>24</nr_of_frames>
<image_width>2048</image_width>
<image_height>1536</image_height>
<board_width>10</board_width>
<board_height>7</board_height>
<square_size>30.</square_size>
<fix_aspect_ratio>1.</fix_aspect_ratio>
<!-- flags: +fix_skew +recompute_extrinsic -->
<flags>522</flags>
<fisheye_model>1</fisheye_model>
<camera_matrix type_id="opencv-matrix">
  <rows>3</rows>
  <cols>3</cols>
  <dt>d</dt>
  <data>
    8.4745009174742677e+02 0. 1.0235000000000000e+03 0.
    8.5310261661882532e+02 7.6750000000000000e+02 0. 0. 1.</data></camera_matrix>
<distortion_coefficients type_id="opencv-matrix">
  <rows>4</rows>
  <cols>1</cols>
  <dt>d</dt>
  <data>
    -1.9041991174596949e-02 2.6798414471409467e-03
    -3.0076883324810508e-06 -6.8879911745549165e-04</data></distortion_coefficients>
<avg_reprojection_error>1.0723414012840515e+00</avg_reprojection_error>
<per_view_reprojection_errors type_id="opencv-matrix">
  <rows>24</rows>
  <cols>1</cols>
  <dt>f</dt>
  <data>
    4.17209178e-01 6.24149799e-01 9.88640487e-01 3.96392405e-01
    5.82590640e-01 9.05215800e-01 9.32677269e-01 5.58609664e-01
    5.15172184e-01 1.36845052e+00 1.70665026e+00 1.03149819e+00
    7.45278597e-01 1.82851648e+00 1.36035824e+00 1.62816381e+00
    8.33444417e-01 7.68035173e-01 1.09614527e+00 2.46448636e+00
    4.86571461e-01 3.07585984e-01 2.88281471e-01 2.64108896e-01</data></per_view_reprojection_errors>
<!-- a set of 6-tuples (rotation vector + translation vector) for each view -->
<extrinsic_parameters type_id="opencv-matrix">
  <rows>24</rows>
  <cols>6</cols>
  <dt>d</dt>
  <data>
    -6.9553697512081680e-02 3.7993363951038073e-01
    -1.5346714382325521e+00 4.2487520127113822e+02
    2.1009620898972905e+01 5.2580820284527067e+02
    -4.5068096835764702e-03 3.1449602957374501e-01
    -1.5204719291573070e+00 2.4075685465887852e+02
    3.5514838797838770e+01 5.3734297393551230e+02 1.3549326559909888e-01
    1.9422383238652713e-01 -1.4938665739937593e+00
    -5.0780459429251700e+01 7.4680719322150225e+01
    5.6666034192156565e+02 -1.0159413120969318e+00
    -1.3410738134302609e+00 1.1053010919164585e+00
    -4.8810659176216785e+02 -2.1286395166225094e+02
    4.1354972294093426e+02 3.0371630379285441e-01
    -3.8700618600451503e-01 -1.4977444982030412e+00
    -6.1689428934137459e+02 3.4199096517605261e+02
    4.4262012505232030e+02 -7.7576538781841259e-02
    -5.4841928269422018e-02 -1.6011294589933751e+00
    -1.4407365763323779e+02 3.0511916901554878e+02
    6.1939866280624778e+02 -1.5742799343378400e-01
    -5.5963978861273148e-02 -1.6462372515880113e+00
    7.8659231436350041e+01 3.3159373291713052e+02 6.0143004486101563e+02
    -2.9101492192183187e-01 1.2778974178080496e-01
    -1.7048619722234020e+00 4.0945092943068306e+02
    3.1952714941396704e+02 5.8311070914393258e+02
    -6.1100065662503911e-01 6.2188482634705244e-01
    -1.6699219572326243e+00 6.3070064388173546e+02
    2.9476729154926107e+02 5.5093350342753297e+02 2.9734502176634727e-02
    -4.7019673809432805e-01 -1.6225263596139381e+00
    -3.7925339469362416e+02 4.0737494361447443e+02
    2.6851429835998653e+02 -1.1843350397907315e-02
    -3.3075493620398505e-01 -1.5325773011408435e+00
    -1.4464715214719786e+02 3.5731816982818981e+02
    3.3936362402447151e+02 -3.8877960216754975e-01
    -3.2541653239309722e-02 -1.4013785840904962e+00
    1.8076287583767206e+02 4.8494290897310231e+02 4.1056862013963695e+02
    -1.3865399256152575e+00 7.9022394087080983e-01
    -1.4209641854079742e+00 5.3462311391589719e+02
    5.0537905865743141e+02 3.1262555074902116e+02
    -1.1125110854222381e-01 -2.0751313821683767e-01
    3.1260923182953118e+00 1.4672633087250520e+02 5.7706637218173888e+00
    2.0959802337286953e+02 -1.1096920089289314e-01
    -2.1972421239046108e-01 3.1203309448097705e+00
    2.9282626218433700e+02 -1.2821821020593325e+00
    2.2007307763046941e+02 6.3535159455095847e-01
    -1.2738600425171345e-01 3.0378580659886927e+00
    2.6604653165805388e+02 9.2531416641150386e+01 1.3551421810281718e+02
    -2.0967552255066899e-01 -3.5529291646646838e-01
    -2.8428781316153180e+00 3.8024072839582112e+02
    3.4298691838455619e+02 2.1952547502439756e+02 5.5620712748441270e-01
    7.3153607156680611e-01 -2.9481453633335173e+00
    8.3669976280572158e+01 -2.1764419732369512e+02
    4.8700598665896672e+02 7.7622786127595281e-02
    -2.2443482613545393e-01 -3.1035903742423634e+00
    1.3080403116325916e+01 1.8251755903901298e+02 2.6590944887365157e+02
    2.2392012007416770e-01 3.7053631479589361e-01
    -3.0995273731725193e+00 3.6124101978660249e+01
    6.5115327721395900e+01 1.7697399288894678e+02
    -4.5843742117688985e-01 -7.0464312191949896e-01
    2.8994007665473074e+00 2.5244327171020561e+02
    -2.8582535828037089e+02 5.0634869784790959e+02
    1.2521863567734301e-01 -6.7400138126193965e-01
    2.9329508331461183e+00 5.3155668797670717e+02
    -2.5599063121192697e+02 3.4932002443786791e+02
    1.4007496538183745e-01 -3.1742639822268698e-01
    3.0424767937578658e+00 6.1707395984881350e+02
    -9.6294051828461505e+01 4.3327483420290451e+02
    1.5597866415566716e-01 -3.1788738993228183e-01
    2.8457300396549368e+00 6.3865316031216207e+02
    -2.0546012108708737e+02 4.0976720377373476e+02</data></extrinsic_parameters>
