<?xml version="1.0"?>
<opencv_storage>
<calibration_time>"Fri 13 Apr 2018 12:08:31 CEST"</calibration_time>
<nr_of_frames>24</nr_of_frames>
<image_width>3280</image_width>
<image_height>2464</image_height>
<board_width>10</board_width>
<board_height>7</board_height>
<square_size>30.</square_size>
<fix_aspect_ratio>1.</fix_aspect_ratio>
<!-- flags: +fix_skew +recompute_extrinsic -->
<flags>522</flags>
<fisheye_model>1</fisheye_model>
<camera_matrix type_id="opencv-matrix">
  <rows>3</rows>
  <cols>3</cols>
  <dt>d</dt>
  <data>
    1.3602850594030667e+03 0. 1.6395000000000000e+03 0.
    1.3685576353001763e+03 1.2315000000000000e+03 0. 0. 1.</data></camera_matrix>
<distortion_coefficients type_id="opencv-matrix">
  <rows>4</rows>
  <cols>1</cols>
  <dt>d</dt>
  <data>
    -1.9202704105390309e-02 3.1524032128949033e-03
    -2.5491852084034408e-04 -6.5617055119992953e-04</data></distortion_coefficients>
<avg_reprojection_error>1.7225740392421047e+00</avg_reprojection_error>
<per_view_reprojection_errors type_id="opencv-matrix">
  <rows>24</rows>
  <cols>1</cols>
  <dt>f</dt>
  <data>
    6.68163657e-01 1.02566040e+00 1.60377610e+00 6.25897884e-01
    9.62440491e-01 1.44290161e+00 1.49522603e+00 8.95033598e-01
    8.41968417e-01 2.22377396e+00 2.71762848e+00 1.66759205e+00
    1.20112062e+00 2.88715482e+00 2.19038630e+00 2.63339806e+00
    1.33268559e+00 1.25933564e+00 1.76328754e+00 3.95894408e+00
    7.82282233e-01 5.08510172e-01 4.48935717e-01 3.98865908e-01</data></per_view_reprojection_errors>
<!-- a set of 6-tuples (rotation vector + translation vector) for each view -->
<extrinsic_parameters type_id="opencv-matrix">
  <rows>24</rows>
  <cols>6</cols>
  <dt>d</dt>
  <data>
    -6.9359350376149861e-02 3.7926723023197972e-01
    -1.5347272996161403e+00 4.2484939427672168e+02
    2.0971225299002612e+01 5.2570719124916786e+02
    -4.4460682104717529e-03 3.1408914972146990e-01
    -1.5205326122084157e+00 2.4069134801253759e+02
    3.5499931646261359e+01 5.3716833109624406e+02 1.3574736077003505e-01
    1.9303705906314092e-01 -1.4939541931338223e+00
    -5.0847394391356943e+01 7.4675948991357515e+01
    5.6637060552708454e+02 -1.0237134449460807e+00
    -1.3529229163091110e+00 1.0937250655815742e+00
    -4.8664758959808830e+02 -2.1208812220192283e+02
    4.1270269190986028e+02 3.0434599328635653e-01
    -3.8568356019903788e-01 -1.4972702872966688e+00
    -6.1699890935389919e+02 3.4188331967859062e+02
    4.4250053877383283e+02 -7.6733613654498392e-02
    -5.5168040738433261e-02 -1.6010952298531740e+00
    -1.4411914118718829e+02 3.0508262057681748e+02
    6.1927336090679000e+02 -1.5742883929812335e-01
    -5.6241566589609222e-02 -1.6462598028795692e+00
    7.8444017304314599e+01 3.3155129898262692e+02 6.0129260529492467e+02
    -2.9016803935023988e-01 1.2728226395896655e-01
    -1.7050665475479885e+00 4.0943023947919966e+02
    3.1941744694043462e+02 5.8305972177946501e+02
    -6.1131470356398776e-01 6.1981824867593349e-01
    -1.6684209132138048e+00 6.3004583425606086e+02
    2.9485834672129363e+02 5.5078569345440337e+02 2.7214960629227316e-02
    -4.6379646598721219e-01 -1.6272540798948947e+00
    -3.7741210412389665e+02 4.0846545863841988e+02
    2.6962621499832449e+02 -9.3798850322175057e-03
    -3.3837671026390959e-01 -1.5374130937481283e+00
    -1.4177661298082901e+02 3.5636695805110446e+02
    3.4100258948634848e+02 -3.8649041120545330e-01
    -2.3156864766075202e-02 -1.4038673735077112e+00
    1.8111815298178470e+02 4.8579194877603868e+02 4.1232074125359054e+02
    -1.3950546521753489e+00 7.9899458213914032e-01
    -1.4181841104281849e+00 5.3382919773843685e+02
    5.0527008270454280e+02 3.1255691158840125e+02
    -1.1195977497032635e-01 -2.0754187410145483e-01
    3.1259702598364787e+00 1.4680954454414308e+02 5.7199780048308675e+00
    2.0960412777113328e+02 -1.1100975506868829e-01
    -2.1947582796189391e-01 3.1203459943879213e+00
    2.9286596142049797e+02 -1.2872583324447222e+00
    2.1999219880143252e+02 6.3455256803310378e-01
    -1.2766213995552289e-01 3.0379486961828430e+00
    2.6608030403983531e+02 9.2499005835322379e+01 1.3552029325074068e+02
    -2.0925606598216717e-01 -3.5431103344442583e-01
    -2.8432237166274898e+00 3.8028365656145616e+02
    3.4297270110556724e+02 2.1963205504628004e+02 5.5670398251185138e-01
    7.3155383343263447e-01 -2.9481997851672861e+00
    8.3636589672977877e+01 -2.1765760643638171e+02
    4.8688527077512128e+02 7.7722166770363574e-02
    -2.2426869988822748e-01 -3.1035264089048180e+00
    1.3082698672519273e+01 1.8250611345737164e+02 2.6584106692226106e+02
    2.2370267166120433e-01 3.7039154954854930e-01
    -3.0995311373947505e+00 3.6123473306059900e+01
    6.5128078640902189e+01 1.7691101781725314e+02
    -4.5844718519896910e-01 -7.0454078265258369e-01
    2.8993857130597869e+00 2.5242092321860906e+02
    -2.8586650847183000e+02 5.0625712813145446e+02
    1.2474290164640148e-01 -6.7306990634486907e-01
    2.9334044902781633e+00 5.3132315494970589e+02
    -2.5591532358088685e+02 3.4930368662267307e+02
    1.3928996001215008e-01 -3.1716027208064179e-01
    3.0425595666504579e+00 6.1697387393816257e+02
    -9.6335936846285904e+01 4.3328193180772018e+02
    1.5518385132404605e-01 -3.1695590218776570e-01
    2.8458612409464510e+00 6.3867828198622465e+02
    -2.0573380654873884e+02 4.0992182269764697e+02</data></extrinsic_parameters>
