<?xml version="1.0"?>
<opencv_storage>
<calibration_time>"Fri 13 Apr 2018 12:04:49 CEST"</calibration_time>
<nr_of_frames>13</nr_of_frames>
<image_width>2592</image_width>
<image_height>1944</image_height>
<board_width>10</board_width>
<board_height>7</board_height>
<square_size>30.</square_size>
<fix_aspect_ratio>1.</fix_aspect_ratio>
<!-- flags: +fix_aspectRatio +fix_principal_point +zero_tangent_dist -->
<flags>14</flags>
<fisheye_model>0</fisheye_model>
<camera_matrix type_id="opencv-matrix">
  <rows>3</rows>
  <cols>3</cols>
  <dt>d</dt>
  <data>
    2.5728835508895309e+03 0. 1296. 0. 2.5728835508895309e+03 972. 0. 0.
    1.</data></camera_matrix>
<distortion_coefficients type_id="opencv-matrix">
  <rows>5</rows>
  <cols>1</cols>
  <dt>d</dt>
  <data>
    1.6198496517511562e-01 -1.2161089904947846e+00 0. 0.
    2.2210743854340285e+00</data></distortion_coefficients>
<avg_reprojection_error>1.3837958040037905e+00</avg_reprojection_error>
<per_view_reprojection_errors type_id="opencv-matrix">
  <rows>13</rows>
  <cols>1</cols>
  <dt>f</dt>
  <data>
    8.02053034e-01 1.10671520e+00 1.19586492e+00 7.72202015e-01
    8.41451526e-01 1.37774515e+00 1.37562609e+00 2.24075532e+00
    2.34278727e+00 1.62112713e+00 1.36796474e+00 9.13488567e-01
    8.10577631e-01</data></per_view_reprojection_errors>
<!-- a set of 6-tuples (rotation vector + translation vector) for each view -->
<extrinsic_parameters type_id="opencv-matrix">
  <rows>13</rows>
  <cols>6</cols>
  <dt>d</dt>
  <data>
    -4.2340722226769922e-01 3.2710221683648115e-02
    3.0121589987659267e+00 1.9777808558538965e+02
    -3.8321142847020411e+01 6.7233534840665573e+02
    -4.3125353030880093e-01 2.8791094226910445e-02
    3.0272264312970005e+00 8.1862915593891529e+01
    -9.6806363203451191e+00 6.3946829976775985e+02
    -4.3814403541989033e-01 3.2913058856920696e-02
    3.0639212503201381e+00 2.3731871186271434e+01 1.6960793446352309e+00
    6.2319001722415373e+02 1.6350803571765804e-01
    -2.2551147149205655e-01 -1.5315549846402217e+00
    1.3575209269278344e+02 6.4155050649171628e+01 6.5579154429508515e+02
    1.6900371078142357e-01 -2.2083413037942551e-01
    -1.5294997779096424e+00 1.4639491783790498e+02
    2.0951882454111728e+02 6.5584435360210398e+02 3.7782303944762224e-01
    -2.4871338581606786e-01 -3.0578224244322962e+00
    1.7296172205108860e+02 2.1785475900821081e+02 6.8711905351852261e+02
    3.7849044264915865e-01 -2.4650879968540973e-01
    -3.0585450349985956e+00 1.7506708656490156e+02
    2.1689821918794888e+02 6.8811118843380268e+02 3.8259050318346927e-01
    -2.5094007007507863e-01 -3.0550353707629774e+00
    4.3580087902489389e+01 2.0504773264511445e+02 6.6121390589173302e+02
    -3.9128567213633697e-01 2.4352000960482575e-01
    3.0911081923641981e+00 2.0741040564152076e+01 1.7717653139821866e+02
    6.6056565578379468e+02 -3.6696868297844359e-01
    2.2886975662142853e-01 3.0801098452013473e+00 5.9144426929699856e-01
    4.6434279610525735e+01 6.7827395570697388e+02
    -3.7164065283415210e-01 2.4475998247296873e-01
    3.0977341574677522e+00 1.3471402509905965e+02 4.5516486506405869e+01
    7.0972619346332931e+02 -3.7094710648876633e-01
    2.5340211774186922e-01 3.0754454920502412e+00 2.8467419121424922e+02
    4.2582825697707214e+01 7.4268852598820479e+02
    -4.1540264833461715e-01 3.9274080168746700e-02
    3.0340906616597119e+00 3.2436911134277182e+02
    -4.8228908085257679e+01 7.0564343031078181e+02</data></extrinsic_parameters>
<image_points type_id="opencv-matrix">
  <rows>13</rows>
  <cols>70</cols>
  <dt>"2f"</dt>
  <data>
    2.05781714e+03 8.25108276e+02 1.95544617e+03 8.34495667e+02
    1.85014233e+03 8.43956055e+02 1.74217175e+03 8.53883972e+02
    1.63190637e+03 8.63967529e+02 1.51756543e+03 8.74270203e+02
    1.40127856e+03 8.84763123e+02 1.28225830e+03 8.95971252e+02
    1.16043872e+03 9.06935242e+02 1.03496765e+03 9.18598022e+02
    2.04542358e+03 7.10285156e+02 1.94325830e+03 7.18224304e+02
    1.83742163e+03 7.26428528e+02 1.73037048e+03 7.34490845e+02
    1.61952026e+03 7.43351440e+02 1.50486902e+03 7.52152039e+02
    1.38875977e+03 7.61174438e+02 1.26965686e+03 7.70439575e+02
    1.14777527e+03 7.80051575e+02 1.02241925e+03 7.89371033e+02
    2.03350537e+03 5.95443970e+02 1.93133923e+03 6.01893433e+02
    1.82585107e+03 6.08757202e+02 1.71783362e+03 6.15749634e+02
    1.60775244e+03 6.22733948e+02 1.49295984e+03 6.30074524e+02
    1.37631665e+03 6.37744385e+02 1.25713159e+03 6.45415222e+02
    1.13506274e+03 6.53094849e+02 1.00945184e+03 6.61017700e+02
    2.02152429e+03 4.79269470e+02 1.91911670e+03 4.84174652e+02
    1.81318652e+03 4.89562897e+02 1.70563806e+03 4.95011475e+02
    1.59486841e+03 5.00834045e+02 1.48010889e+03 5.06372437e+02
    1.36346167e+03 5.12755249e+02 1.24444836e+03 5.18284485e+02
    1.12193591e+03 5.24521973e+02 9.96404907e+02 5.30218384e+02
    2.00843860e+03 3.65380341e+02 1.90637476e+03 3.68650177e+02
    1.80121777e+03 3.72428101e+02 1.69336987e+03 3.76261780e+02
    1.58308521e+03 3.80095551e+02 1.46756519e+03 3.84423004e+02
    1.35102368e+03 3.88715118e+02 1.23165295e+03 3.93067871e+02
    1.10910706e+03 3.97339905e+02 9.83437927e+02 4.01186157e+02
    1.99559546e+03 2.52059402e+02 1.89415967e+03 2.53420273e+02
    1.78885229e+03 2.55392776e+02 1.68129016e+03 2.57489594e+02
    1.57030835e+03 2.60011932e+02 1.45548792e+03 2.62384796e+02
    1.33854211e+03 2.65158539e+02 1.21920703e+03 2.67682648e+02
    1.09635791e+03 2.70256195e+02 9.70491272e+02 2.72883057e+02
    1.98314441e+03 1.38877487e+02 1.88152502e+03 1.38619537e+02
    1.77654102e+03 1.39067596e+02 1.66851892e+03 1.39455765e+02
    1.55833252e+03 1.40079788e+02 1.44294177e+03 1.40974533e+02
    1.32633118e+03 1.41713181e+02 1.20625879e+03 1.42737518e+02
    1.08404333e+03 1.43761429e+02 9.57545532e+02 1.44990204e+02
    1.62669458e+03 9.33424133e+02 1.51381531e+03 9.42752319e+02
    1.39733313e+03 9.52241577e+02 1.27830469e+03 9.62119995e+02
    1.15602356e+03 9.72191650e+02 1.02808765e+03 9.82766968e+02
    8.98599915e+02 9.93711182e+02 7.64424011e+02 1.00514923e+03
    6.26742981e+02 1.01654437e+03 4.85220276e+02 1.02855786e+03
    1.61573828e+03 8.12818726e+02 1.50312170e+03 8.20326416e+02
    1.38637488e+03 8.28385620e+02 1.26798755e+03 8.36253601e+02
    1.14534631e+03 8.44663086e+02 1.01757532e+03 8.53472717e+02
    8.87513611e+02 8.62339233e+02 7.53792053e+02 8.71731628e+02
    6.15873901e+02 8.81418335e+02 4.74666382e+02 8.90752380e+02
    1.60528845e+03 6.92009338e+02 1.49242175e+03 6.97987610e+02
    1.37605286e+03 7.04566101e+02 1.25713013e+03 7.10815979e+02
    1.13496265e+03 7.17508423e+02 1.00715167e+03 7.24334167e+02
    8.76882568e+02 7.31538574e+02 7.42699097e+02 7.38602173e+02
    6.05097168e+02 7.45847473e+02 4.63846100e+02 7.53751160e+02
    1.59519116e+03 5.69414612e+02 1.48182800e+03 5.74357300e+02
    1.36503223e+03 5.79108887e+02 1.24621338e+03 5.83983093e+02
    1.12348865e+03 5.88814575e+02 9.96085205e+02 5.93457581e+02
    8.65443848e+02 5.98685791e+02 7.31505737e+02 6.03718140e+02
    5.93898315e+02 6.09281616e+02 4.53307892e+02 6.14992737e+02
    1.58423157e+03 4.49138031e+02 1.47082678e+03 4.52357910e+02
    1.35447449e+03 4.55574036e+02 1.23538794e+03 4.58333069e+02
    1.11272937e+03 4.61295471e+02 9.84563599e+02 4.64440338e+02
    8.54561401e+02 4.67524536e+02 7.20407959e+02 4.70934631e+02
    5.83337952e+02 4.74716156e+02 4.42931671e+02 4.78524689e+02
    1.57360901e+03 3.28654816e+02 1.46059192e+03 3.29858276e+02
    1.34390686e+03 3.31518341e+02 1.22481287e+03 3.32945892e+02
    1.10164038e+03 3.34307983e+02 9.73699341e+02 3.35407806e+02
    8.43309082e+02 3.36948517e+02 7.09899719e+02 3.38804047e+02
    5.73192993e+02 3.40908752e+02 4.33130646e+02 3.43601715e+02
    1.56348132e+03 2.08280548e+02 1.45044653e+03 2.07664902e+02
    1.33359607e+03 2.07805054e+02 1.21365466e+03 2.07507477e+02
    1.09104358e+03 2.07364731e+02 9.62788574e+02 2.07158646e+02
    8.32882080e+02 2.07027985e+02 6.99481140e+02 2.07355347e+02
