<?xml version="1.0"?>
<opencv_storage>
<calibration_time>"Fri 13 Apr 2018 11:34:47 CEST"</calibration_time>
<nr_of_frames>14</nr_of_frames>
<image_width>2048</image_width>
<image_height>1536</image_height>
<board_width>10</board_width>
<board_height>7</board_height>
<square_size>30.</square_size>
<fix_aspect_ratio>1.</fix_aspect_ratio>
<!-- flags: +fix_aspectRatio +fix_principal_point +zero_tangent_dist -->
<flags>14</flags>
<fisheye_model>0</fisheye_model>
<camera_matrix type_id="opencv-matrix">
  <rows>3</rows>
  <cols>3</cols>
  <dt>d</dt>
  <data>
    2.0383918358393357e+03 0. 1024. 0. 2.0383918358393357e+03 768. 0. 0.
    1.</data></camera_matrix>
<distortion_coefficients type_id="opencv-matrix">
  <rows>5</rows>
  <cols>1</cols>
  <dt>d</dt>
  <data>
    1.6009631593103599e-01 -1.1960396688246637e+00 0. 0.
    2.1837916161821935e+00</data></distortion_coefficients>
<avg_reprojection_error>1.0762658588024172e+00</avg_reprojection_error>
<per_view_reprojection_errors type_id="opencv-matrix">
  <rows>14</rows>
  <cols>1</cols>
  <dt>f</dt>
  <data>
    6.22325838e-01 8.56433511e-01 9.86378670e-01 6.13155365e-01
    6.87531769e-01 1.08969569e+00 1.08185089e+00 1.80301023e+00
    1.85881567e+00 1.29657459e+00 1.07527411e+00 7.15196967e-01
    6.77652061e-01 6.34496450e-01</data></per_view_reprojection_errors>
<!-- a set of 6-tuples (rotation vector + translation vector) for each view -->
<extrinsic_parameters type_id="opencv-matrix">
  <rows>14</rows>
  <cols>6</cols>
  <dt>d</dt>
  <data>
    -4.2433760482960942e-01 3.3546970294187184e-02
    3.0119611237066959e+00 1.9777510919356246e+02
    -3.8311563703330435e+01 6.7400521538717635e+02
    -4.3076376687093249e-01 2.9366843395363103e-02
    3.0273035502687775e+00 8.1891555478882793e+01
    -9.6695859417081245e+00 6.4105625154431129e+02
    -4.3780089983429554e-01 3.2977062941263048e-02
    3.0640016562940531e+00 2.3766030216730709e+01 1.7163513706890894e+00
    6.2477655457249921e+02 1.6400676207294590e-01
    -2.2656177092398078e-01 -1.5313206172367928e+00
    1.3578418077110024e+02 6.4087123545807771e+01 6.5759008649636655e+02
    1.7019700281609262e-01 -2.2171851633036407e-01
    -1.5293557969005032e+00 1.4643125937477211e+02
    2.0954814486457639e+02 6.5756149070708864e+02 3.7817531435599294e-01
    -2.4850626178567434e-01 -3.0578324546686226e+00
    1.7300020672385833e+02 2.1784434562455041e+02 6.8890850575932154e+02
    3.7930499971890103e-01 -2.4625640205229923e-01
    -3.0587714128558070e+00 1.7519910887826271e+02
    2.1699949558242594e+02 6.8995106285682095e+02 3.8368632046834705e-01
    -2.5045671644957446e-01 -3.0547669848041132e+00
    4.3677884047442305e+01 2.0508210401369558e+02 6.6304013801375277e+02
    -3.9003887395090786e-01 2.4361498400240320e-01
    3.0910560877064914e+00 2.0785196068951073e+01 1.7722238310184724e+02
    6.6222776033458024e+02 -3.6668746687152692e-01
    2.2956849449912128e-01 3.0801392182400607e+00 6.3375999941153482e-01
    4.6406138471598325e+01 6.8002250140735987e+02
    -3.7334131144161081e-01 2.4281072525784184e-01
    3.0970088456101474e+00 1.3469373065614585e+02 4.5918857126115455e+01
    7.1154036214063240e+02 -3.7192562263909318e-01
    2.5409267400793789e-01 3.0751505792931004e+00 2.8472832399743760e+02
    4.2618047569310463e+01 7.4457236609093650e+02 3.5819805880141781e-01
    -2.6686741913714407e-01 -3.0853327332949800e+00
    3.5035840127200692e+02 4.4648451713878337e+01 7.5900609548142199e+02
    -4.1666151139954499e-01 4.0013843728231878e-02
    3.0339750214093106e+00 3.2436500106972119e+02
    -4.8213250118726876e+01 7.0764483846835071e+02</data></extrinsic_parameters>
<image_points type_id="opencv-matrix">
  <rows>14</rows>
  <cols>70</cols>
  <dt>"2f"</dt>
  <data>
    1.62621826e+03 6.51796204e+02 1.54518152e+03 6.59326050e+02
    1.46181897e+03 6.66744385e+02 1.37662622e+03 6.74576904e+02
    1.28943787e+03 6.82533936e+02 1.19901953e+03 6.90804932e+02
    1.10737134e+03 6.99281616e+02 1.01322552e+03 7.07930115e+02
    9.16899841e+02 7.16440125e+02 8.17803955e+02 7.25764893e+02
    1.61615820e+03 5.61124634e+02 1.53549121e+03 5.67453796e+02
    1.45190149e+03 5.73992310e+02 1.36720105e+03 5.80462524e+02
    1.27976099e+03 5.87371460e+02 1.18924097e+03 5.94273315e+02
    1.09735645e+03 6.01483093e+02 1.00335272e+03 6.08694763e+02
    9.06875732e+02 6.16449341e+02 8.08210083e+02 6.23828186e+02
    1.60678577e+03 4.70516388e+02 1.52590198e+03 4.75550812e+02
    1.44267322e+03 4.80970093e+02 1.35760925e+03 4.86337219e+02
    1.27028455e+03 4.91950409e+02 1.17961584e+03 4.97750488e+02
    1.08760156e+03 5.03965485e+02 9.93534119e+02 5.09953552e+02
    8.96830200e+02 5.16017639e+02 7.97663086e+02 5.22314331e+02
    1.59722546e+03 3.78702515e+02 1.51644153e+03 3.82566681e+02
    1.43267822e+03 3.86944641e+02 1.34767578e+03 3.91287262e+02
    1.26012891e+03 3.95664642e+02 1.16962732e+03 4.00160553e+02
    1.07729102e+03 4.05003387e+02 9.83282593e+02 4.09778046e+02
    8.86525940e+02 4.14356750e+02 7.87337708e+02 4.18778656e+02
    1.58686609e+03 2.88600311e+02 1.50629248e+03 2.91369659e+02
    1.42316980e+03 2.94148438e+02 1.33797205e+03 2.97308594e+02
    1.25066174e+03 3.00247009e+02 1.15966064e+03 3.03662842e+02
    1.06759412e+03 3.07186188e+02 9.73229065e+02 3.10554077e+02
    8.76387939e+02 3.13826599e+02 7.77056519e+02 3.16878418e+02
    1.57686475e+03 1.99271179e+02 1.49651282e+03 2.00300812e+02
    1.41366333e+03 2.01655014e+02 1.32844727e+03 2.03483429e+02
    1.24086182e+03 2.05371185e+02 1.15011121e+03 2.07314240e+02
    1.05767554e+03 2.09595810e+02 9.63312561e+02 2.11510559e+02
    8.66381897e+02 2.13465576e+02 7.66847412e+02 2.15558289e+02
    1.56686694e+03 1.09517830e+02 1.48672644e+03 1.09436905e+02
    1.40377905e+03 1.09725883e+02 1.31845312e+03 1.10314629e+02
    1.23104370e+03 1.10616997e+02 1.14014490e+03 1.11333344e+02
    1.04795093e+03 1.12004227e+02 9.53093079e+02 1.12910011e+02
    8.56465149e+02 1.13506279e+02 7.56702820e+02 1.14631790e+02
    1.28541650e+03 7.37262329e+02 1.19618860e+03 7.44877502e+02
    1.10422986e+03 7.52498474e+02 1.01003284e+03 7.60241394e+02
    9.13371765e+02 7.68167175e+02 8.12623291e+02 7.76441223e+02
    7.10087463e+02 7.85390442e+02 6.04230286e+02 7.94096619e+02
    4.95403229e+02 8.03114319e+02 3.83596558e+02 8.12612122e+02
    1.27664929e+03 6.42115601e+02 1.18764038e+03 6.48146362e+02
    1.09553821e+03 6.54429993e+02 1.00180420e+03 6.60928528e+02
    9.04894653e+02 6.67421814e+02 8.04340515e+02 6.74190491e+02
    7.01497375e+02 6.81527649e+02 5.95576782e+02 6.88770203e+02
    4.86562531e+02 6.96326904e+02 3.75179596e+02 7.03701294e+02
    1.26852954e+03 5.46704407e+02 1.17934534e+03 5.51552979e+02
    1.08747034e+03 5.56643005e+02 9.93395996e+02 5.61661133e+02
    8.96722656e+02 5.66968018e+02 7.95795410e+02 5.72246765e+02
    6.92832214e+02 5.78016724e+02 5.87046753e+02 5.83593872e+02
    4.78207642e+02 5.89435974e+02 3.66594391e+02 5.95726074e+02
    1.26053442e+03 4.49926300e+02 1.17083911e+03 4.53799866e+02
    1.07859814e+03 4.57644501e+02 9.84732300e+02 4.61365509e+02
    8.87725342e+02 4.65259033e+02 7.86835693e+02 4.68974609e+02
    6.83918213e+02 4.73172363e+02 5.78149780e+02 4.77213348e+02
    4.69382141e+02 4.81524139e+02 3.58191284e+02 4.85901703e+02
    1.25173145e+03 3.54843201e+02 1.16246252e+03 3.57441956e+02
    1.07037231e+03 3.60012177e+02 9.76098267e+02 3.62181763e+02
    8.79370300e+02 3.64629272e+02 7.77986755e+02 3.67100494e+02
    6.75208008e+02 3.69506500e+02 5.69279907e+02 3.72280975e+02
    4.61133881e+02 3.75114929e+02 3.50108124e+02 3.78218292e+02
    1.24339307e+03 2.59813568e+02 1.15426416e+03 2.60716614e+02
    1.06188623e+03 2.61989960e+02 9.67741577e+02 2.63220764e+02
    8.70507690e+02 2.64061096e+02 7.69495728e+02 2.65200012e+02
    6.66392395e+02 2.66478973e+02 5.61149109e+02 2.67699188e+02
    4.52905182e+02 2.69465393e+02 3.42441650e+02 2.71444824e+02
    1.23541504e+03 1.64619568e+02 1.14599634e+03 1.64140076e+02
