<?xml version="1.0"?>
<opencv_storage>
<calibration_time>"Fri 13 Apr 2018 12:10:46 CEST"</calibration_time>
<nr_of_frames>17</nr_of_frames>
<image_width>320</image_width>
<image_height>240</image_height>
<board_width>10</board_width>
<board_height>7</board_height>
<square_size>30.</square_size>
<fix_aspect_ratio>1.</fix_aspect_ratio>
<!-- flags: +fix_aspectRatio +fix_principal_point +zero_tangent_dist -->
<flags>14</flags>
<fisheye_model>0</fisheye_model>
<camera_matrix type_id="opencv-matrix">
  <rows>3</rows>
  <cols>3</cols>
  <dt>d</dt>
  <data>
    2.4875080336098878e+02 0. 160. 0. 2.4875080336098878e+02 120. 0. 0.
    1.</data></camera_matrix>
<distortion_coefficients type_id="opencv-matrix">
  <rows>5</rows>
  <cols>1</cols>
  <dt>d</dt>
  <data>
    9.7987013377944729e-02 -4.6386863155768343e-01 0. 0.
    1.0703692193764654e-02</data></distortion_coefficients>
<avg_reprojection_error>1.8765546083221802e+00</avg_reprojection_error>
<per_view_reprojection_errors type_id="opencv-matrix">
  <rows>17</rows>
  <cols>1</cols>
  <dt>f</dt>
  <data>
    2.41185522e+00 3.74501824e-01 9.26596761e-01 7.14929521e-01
    1.26749307e-01 3.81581736e+00 3.74540210e+00 4.17613983e-01
    1.50548980e-01 1.66582060e+00 1.49568051e-01 1.47076464e+00
    4.74581152e-01 6.29467010e-01 3.83192539e-01 2.62688541e+00
    3.33269310e+00</data></per_view_reprojection_errors>
<!-- a set of 6-tuples (rotation vector + translation vector) for each view -->
<extrinsic_parameters type_id="opencv-matrix">
  <rows>17</rows>
  <cols>6</cols>
  <dt>d</dt>
  <data>
    -3.3905975964582064e-01 -6.7545474583658076e-03
    3.0214333389078241e+00 1.9977172590996770e+02
    -4.0294182863697195e+01 5.2972299124357073e+02
    -3.9213800598310072e-01 -2.2115540765798573e-02
    3.0311130696962718e+00 8.1732775721753328e+01
    -1.1921558575476887e+01 5.1086068706400067e+02
    -4.9127626613757441e-01 -5.4227253989724479e-02
    3.0536177412181376e+00 2.1782124138903733e+01
    -4.6246781776124896e-01 5.0305803609832844e+02
    2.3149733709097209e-01 -2.4069290029083437e-01
    -1.5659206588315098e+00 -2.3126341692322509e+02
    1.1077980293597230e+02 4.2240219082318657e+02 1.5462923912812135e-01
    -1.8376974628907736e-01 -1.5903969055059304e+00
    -7.3436911521073725e+01 8.1334175958038713e+01
    4.6804533106423088e+02 1.5348903428655750e-01
    -1.3582816190865718e-01 -1.6558835290791525e+00
    9.5274461560075395e+01 7.3699014242168971e+01 5.0591479675949904e+02
    1.3849766499194174e-01 -1.1530429282626070e-01
    -1.5437384035997495e+00 1.3712568820904389e+02
    6.4897396675602891e+01 5.1523290454268613e+02 1.1601835989705275e-01
    -1.9283163979423865e-01 -1.4798272382922131e+00
    -7.0322813793853198e+00 1.9077826143262214e+02
    4.7928805013003796e+02 1.3510746821226841e-01
    -2.0711201625251402e-01 -1.4835329669620605e+00
    -1.4330609923007805e+02 1.7779053016368309e+02
    4.4858197966743154e+02 2.8237471830149929e-01
    -2.2308746189492010e-01 -3.0653726045358023e+00
    1.7378499369942364e+02 2.1747006226781451e+02 5.3695315624094405e+02
    1.3516927211871949e-01 -2.0694281962361874e-01
    -1.4834458318562183e+00 -1.4345436245102798e+02
    1.7778469418755344e+02 4.4848493864280147e+02 3.0809365087895413e-01
    -2.5653135255650134e-01 -3.0616206681132727e+00
    1.7568931419913008e+02 2.1691913906764566e+02 5.3915364181172015e+02
    3.5392636296289554e-01 -2.8805620373276830e-01
    -3.0556428192066649e+00 4.3446697213868013e+01
    2.0426564651193314e+02 5.1820526551965247e+02
    -3.9773628493200658e-01 2.8959336617476367e-01
    3.0847563543112599e+00 2.0448560778485799e+01 1.7621602057021249e+02
    5.1904807326820344e+02 -3.9464939127707716e-01
    1.6517017454022812e-01 3.0799178513169529e+00
    -1.1386046975499928e+00 4.5109013011935247e+01
    5.4205753465800342e+02 -2.9260732170332976e-01
    1.4426479225132194e-01 3.1190450009801984e+00 1.3497296334627990e+02
    4.5122981898547152e+01 5.5867407936376821e+02
    -2.5382910965274030e-01 -6.5818252623240980e-02
    3.0464975372627454e+00 3.2989312099343044e+02
    -5.0278003859137250e+01 5.4140128194856447e+02</data></extrinsic_parameters>
